lab5

1000
[227, -4, 153187, 3097]
2000
[424, -4, 318594, 6183]
3000
[696, -4, 462209, 9233]
4000
[935, -4, 661783, 13263]
5000
[700, -4, 789476, 15794]
10000
[1289, -4, 1725377, 34461]
20000
[2621, -4, 3835240, 76570]
30000
[3231, -4, 5722042, 114344]
40000
[4375, -4, 7529382, 150560]
50000
[4877, -4, 9333062, 186754]
100000
[9778, -4, 19373123, 386955]

-----------------------
lab3

1000
[214, -4, 159206, 3238]
2000
[586, -4, 360057, 7154]
[326, -4, 263805, 5286]
[413, -4, 331939, 6699]
3000
[363, -4, 446581, 8997]
4000
[751, -4, 801113, 15978]
5000
[710, -4, 747078, 15012]
10000
[1353, -4, 1962807, 39270]
20000
[2056, -4, 3778614, 75405]
30000
[2812, -4, 5904696, 117904]
40000
[3784, -4, 7638949, 152960]
50000
[4603, -4, 9621577, 192323]
100000
[7839, -4, 19839776, 397144]