lab5
1
[1095, 1171875000, 1743138, 34938]
2
[2151, 1843750000, 2498586, 50110]
3
[3114, -482467296, 5167915, 103309]
4
[4077, 1158157704, 7018077, 140496]
5
[5060, -1636809592, 9599537, 191766]
10
[10164, -1632994184, 21082980, 421395]
-----------------------------------------------------
lab3
1
[1081, 609375000, 1147692, 22992]
2
[2076, 1187500000, 2386409, 47631]
3
[3069, -1279342296, 6273867, 125413]
4
[4046, -138717296, 8194427, 163505]
5
[5042, 1439407704, 12051038, 240775]
10
[10075, -650526888, 26827307, 536297]